100
613
260
-117
-715
-851
605
-85
-790
701
-88
-109
-628
484
-385
488
-309
-12
-92
-375
-115
701
-171
325
372
-363
-84
-772
964
23
183
-690
-749
-843
831
346
422
-331
747
739
-770
507
823
871
-127
-984
-73
290
303
-192
686
28
-661
412
-272
850
697
-866
21
995
770
621
-676
212
771
-957
-702
190
-227
52
-486
331
-397
59
814
-789
662
245
-759
-147
805
910
849
-560
-724
-553
158
49
-345
-538
-311
-132
282
236
525
30
418
-231
755
-210
-230